{
  "id": "volcano",
  "name": "Caldera Volcano",
  "description": "Steep volcano with central caldera and outer rim terraces.",
  "cellSizeFt": 150,
  "gridSize": [
    48,
    48
  ],
  "originFt": [
    -3600,
    -3600
  ],
  "elevationsFt": [
    [
      4600.0,
      4600.76,
      4603.15,
      4607.37,
      4613.61,
      4622.05,
      4632.84,
      4646.13,
      4662.0,
      4680.47,
      4701.5,
      4724.96,
      4750.6,
      4778.05,
      4806.82,
      4836.31,
      4865.77,
      4894.37,
      4921.22,
      4945.41,
      4966.03,
      4982.3,
      4993.53,
      4999.28,
      4999.28,
      4993.53,
      4982.3,
      4966.03,
      4945.41,
      4921.22,
      4894.37,
      4865.77,
      4836.31,
      4806.82,
      4778.05,
      4750.6,
      4724.96,
      4701.5,
      4680.47,
      4662.0,
      4646.13,
      4632.84,
      4622.05,
      4613.61,
      4607.37,
      4603.15,
      4600.76,
      4600.0
    ],
    [
      4600.76,
      4600.0,
      4600.83,
      4603.45,
      4608.08,
      4614.94,
      4624.24,
      4636.14,
      4650.79,
      4668.27,
      4688.58,
      4711.64,
      4737.24,
      4765.04,
      4794.55,
      4825.13,
      4856.0,
      4886.25,
      4914.87,
      4940.83,
      4963.09,
      4980.73,
      4992.95,
      4999.21,
      4999.21,
      4992.95,
      4980.73,
      4963.09,
      4940.83,
      4914.87,
      4886.25,
      4856.0,
      4825.13,
      4794.55,
      4765.04,
      4737.24,
      4711.64,
      4688.58,
      4668.27,
      4650.79,
      4636.14,
      4624.24,
      4614.94,
      4608.08,
      4603.45,
      4600.83,
      4600.0,
      4600.76
    ],
    [
      4603.15,
      4600.83,
      4600.0,
      4600.91,
      4603.79,
      4608.9,
      4616.48,
      4626.77,
      4639.95,
      4656.17,
      4675.5,
      4697.91,
      4723.25,
      4751.21,
      4781.33,
      4812.96,
      4845.25,
      4877.23,
      4907.76,
      4935.67,
      4959.76,
      4978.94,
      4992.29,
      4999.14,
      4999.14,
      4992.29,
      4978.94,
      4959.76,
      4935.67,
      4907.76,
      4877.23,
      4845.25,
      4812.96,
      4781.33,
      4751.21,
      4723.25,
      4697.91,
      4675.5,
      4656.17,
      4639.95,
      4626.77,
      4616.48,
      4608.9,
      4603.79,
      4600.91,
      4600.0,
      4600.83,
      4603.15
    ],
    [
      4607.37,
      4603.45,
      4600.91,
      4600.0,
      4601.0,
      4604.19,
      4609.85,
      4618.27,
      4629.71,
      4644.37,
      4662.42,
      4683.88,
      4708.69,
      4736.59,
      4767.15,
      4799.71,
      4833.42,
      4867.19,
      4899.78,
      4929.83,
      4955.97,
      4976.9,
      4991.52,
      4999.05,
      4999.05,
      4991.52,
      4976.9,
      4955.97,
      4929.83,
      4899.78,
      4867.19,
      4833.42,
      4799.71,
      4767.15,
      4736.59,
      4708.69,
      4683.88,
      4662.42,
      4644.37,
      4629.71,
      4618.27,
      4609.85,
      4604.19,
      4601.0,
      4600.0,
      4600.91,
      4603.45,
      4607.37
    ],
    [
      4613.61,
      4608.08,
      4603.79,
      4601.0,
      4600.0,
      4601.11,
      4604.65,
      4610.96,
      4620.36,
      4633.15,
      4649.56,
      4669.73,
      4693.66,
      4721.2,
      4751.96,
      4785.32,
      4820.38,
      4856.0,
      4890.78,
      4923.19,
      4951.62,
      4974.55,
      4990.64,
      4998.95,
      4998.95,
      4990.64,
      4974.55,
      4951.62,
      4923.19,
      4890.78,
      4856.0,
      4820.38,
      4785.32,
      4751.96,
      4721.2,
      4693.66,
      4669.73,
      4649.56,
      4633.15,
      4620.36,
      4610.96,
      4604.65,
      4601.11,
      4600.0,
      4601.0,
      4603.79,
      4608.08,
      4613.61
    ],
    [
      4622.05,
      4614.94,
      4608.9,
      4604.19,
      4601.11,
      4600.0,
      4601.23,
      4605.19,
      4612.27,
      4622.83,
      4637.22,
      4655.69,
      4678.35,
      4705.15,
      4735.8,
      4769.72,
      4806.03,
      4843.51,
      4880.62,
      4915.61,
      4946.62,
      4971.82,
      4989.62,
      4998.83,
      4998.83,
      4989.62,
      4971.82,
      4946.62,
      4915.61,
      4880.62,
      4843.51,
      4806.03,
      4769.72,
      4735.8,
      4705.15,
      4678.35,
      4655.69,
      4637.22,
      4622.83,
      4612.27,
      4605.19,
      4601.23,
      4600.0,
      4601.11,
      4604.19,
      4608.9,
      4614.94,
      4622.05
    ],
    [
      4632.84,
      4624.24,
      4616.48,
      4609.85,
      4604.65,
      4601.23,
      4600.0,
      4601.38,
      4605.83,
      4613.82,
      4625.77,
      4642.07,
      4662.98,
      4688.58,
      4718.71,
      4752.88,
      4790.25,
      4829.54,
      4869.1,
      4906.92,
      4940.83,
      4968.64,
      4988.42,
      4998.7,
      4998.7,
      4988.42,
      4968.64,
      4940.83,
      4906.92,
      4869.1,
      4829.54,
      4790.25,
      4752.88,
      4718.71,
      4688.58,
      4662.98,
      4642.07,
      4625.77,
      4613.82,
      4605.83,
      4601.38,
      4600.0,
      4601.23,
      4604.65,
      4609.85,
      4616.48,
      4624.24,
      4632.84
    ],
    [
      4646.13,
      4636.14,
      4626.77,
      4618.27,
      4610.96,
      4605.19,
      4601.38,
      4600.0,
      4601.56,
      4606.6,
      4615.68,
      4629.31,
      4647.92,
      4671.75,
      4700.83,
      4734.82,
      4772.94,
      4813.93,
      4856.0,
      4896.9,
      4934.08,
      4964.9,
      4987.0,
      4998.54,
      4998.54,
      4987.0,
      4964.9,
      4934.08,
      4896.9,
      4856.0,
      4813.93,
      4772.94,
      4734.82,
      4700.83,
      4671.75,
      4647.92,
      4629.31,
      4615.68,
      4606.6,
      4601.56,
      4600.0,
      4601.38,
      4605.19,
      4610.96,
      4618.27,
      4626.77,
      4636.14,
      4646.13
    ],
    [
      4662.0,
      4650.79,
      4639.95,
      4629.71,
      4620.36,
      4612.27,
      4605.83,
      4601.56,
      4600.0,
      4601.77,
      4607.54,
      4617.95,
      4633.62,
      4655.03,
      4682.4,
      4715.61,
      4754.05,
      4796.5,
      4841.09,
      4885.3,
      4926.16,
      4960.48,
      4985.32,
      4998.37,
      4998.37,
      4985.32,
      4960.48,
      4926.16,
      4885.3,
      4841.09,
      4796.5,
      4754.05,
      4715.61,
      4682.4,
      4655.03,
      4633.62,
      4617.95,
      4607.54,
      4601.77,
      4600.0,
      4601.56,
      4605.83,
      4612.27,
      4620.36,
      4629.71,
      4639.95,
      4650.79,
      4662.0
    ],
    [
      4680.47,
      4668.27,
      4656.17,
      4644.37,
      4633.15,
      4622.83,
      4613.82,
      4606.6,
      4601.77,
      4600.0,
      4602.04,
      4608.68,
      4620.75,
      4638.94,
      4663.79,
      4695.46,
      4733.58,
      4777.09,
      4824.1,
      4871.83,
      4916.83,
      4955.23,
      4983.34,
      4998.22,
      4998.22,
      4983.34,
      4955.23,
      4916.83,
      4871.83,
      4824.1,
      4777.09,
      4733.58,
      4695.46,
      4663.79,
      4638.94,
      4620.75,
      4608.68,
      4602.04,
      4600.0,
      4601.77,
      4606.6,
      4613.82,
      4622.83,
      4633.15,
      4644.37,
      4656.17,
      4668.27,
      4680.47
    ],
    [
      4701.5,
      4688.58,
      4675.5,
      4662.42,
      4649.56,
      4637.22,
      4625.77,
      4615.68,
      4607.54,
      4602.04,
      4600.0,
      4602.36,
      4610.11,
      4624.24,
      4645.6,
      4674.74,
      4711.67,
      4755.62,
      4804.76,
      4856.17,
      4905.81,
      4949.02,
      4981.1,
      4998.22,
      4998.22,
      4981.1,
      4949.02,
      4905.81,
      4856.17,
      4804.76,
      4755.62,
      4711.67,
      4674.74,
      4645.6,
      4624.24,
      4610.11,
      4602.36,
      4600.0,
      4602.04,
      4607.54,
      4615.68,
      4625.77,
      4637.22,
      4649.56,
      4662.42,
      4675.5,
      4688.58,
      4701.5
    ],
    [
      4724.96,
      4711.64,
      4697.91,
      4683.88,
      4669.73,
      4655.69,
      4642.07,
      4629.31,
      4617.95,
      4608.68,
      4602.36,
      4600.0,
      4602.77,
      4611.93,
      4628.7,
      4654.11,
      4688.69,
      4732.13,
      4782.92,
      4838.02,
      4892.9,
      4941.83,
      4978.81,
      4998.76,
      4998.76,
      4978.81,
      4941.83,
      4892.9,
      4838.02,
      4782.92,
      4732.13,
      4688.69,
      4654.11,
      4628.7,
      4611.93,
      4602.77,
      4600.0,
      4602.36,
      4608.68,
      4617.95,
      4629.31,
      4642.07,
      4655.69,
      4669.73,
      4683.88,
      4697.91,
      4711.64,
      4724.96
    ],
    [
      4750.6,
      4737.24,
      4723.25,
      4708.69,
      4693.66,
      4678.35,
      4662.98,
      4647.92,
      4633.62,
      4620.75,
      4610.11,
      4602.77,
      4600.01,
      4603.32,
      4614.32,
      4634.58,
      4665.33,
      4706.99,
      4758.6,
      4817.32,
      4878.11,
      4934.0,
      4977.21,
      5000.85,
      5000.85,
      4977.21,
      4934.0,
      4878.11,
      4817.32,
      4758.6,
      4706.99,
      4665.33,
      4634.58,
      4614.32,
      4603.32,
      4600.01,
      4602.77,
      4610.11,
      4620.75,
      4633.62,
      4647.92,
      4662.98,
      4678.35,
      4693.66,
      4708.69,
      4723.25,
      4737.24,
      4750.6
    ],
    [
      4778.05,
      4765.04,
      4751.21,
      4736.59,
      4721.2,
      4705.15,
      4688.58,
      4671.75,
      4655.03,
      4638.94,
      4624.24,
      4611.93,
      4603.32,
      4600.07,
      4604.16,
      4617.75,
      4642.91,
      4681.1,
      4732.38,
      4794.47,
      4862.05,
      4926.7,
      4978.13,
      5006.78,
      5006.78,
      4978.13,
      4926.7,
      4862.05,
      4794.47,
      4732.38,
      4681.1,
      4642.91,
      4617.75,
      4604.16,
      4600.07,
      4603.32,
      4611.93,
      4624.24,
      4638.94,
      4655.03,
      4671.75,
      4688.58,
      4705.15,
      4721.2,
      4736.59,
      4751.21,
      4765.04,
      4778.05
    ],
    [
      4806.82,
      4794.55,
      4781.33,
      4767.15,
      4751.96,
      4735.8,
      4718.71,
      4700.83,
      4682.4,
      4663.79,
      4645.6,
      4628.7,
      4614.32,
      4604.16,
      4600.45,
      4605.91,
      4623.6,
      4656.35,
      4705.8,
      4770.91,
      4846.52,
      4922.59,
      4985.38,
      5021.14,
      5021.14,
      4985.38,
      4922.59,
      4846.52,
      4770.91,
      4705.8,
      4656.35,
      4623.6,
      4605.91,
      4600.45,
      4604.16,
      4614.32,
      4628.7,
      4645.6,
      4663.79,
      4682.4,
      4700.83,
      4718.71,
      4735.8,
      4751.96,
      4767.15,
      4781.33,
      4794.55,
      4806.82
    ],
    [
      4836.31,
      4825.13,
      4812.96,
      4799.71,
      4785.32,
      4769.72,
      4752.88,
      4734.82,
      4715.61,
      4695.46,
      4674.74,
      4654.11,
      4634.58,
      4617.75,
      4605.91,
      4602.25,
      4610.82,
      4636.14,
      4682.05,
      4749.76,
      4835.15,
      4926.6,
      5005.63,
      5051.94,
      5051.94,
      5005.63,
      4926.6,
      4835.15,
      4749.76,
      4682.05,
      4636.14,
      4610.82,
      4602.25,
      4605.91,
      4617.75,
      4634.58,
      4654.11,
      4674.74,
      4695.46,
      4715.61,
      4734.82,
      4752.88,
      4769.72,
      4785.32,
      4799.71,
      4812.96,
      4825.13,
      4836.31
    ],
    [
      4865.77,
      4856.0,
      4845.25,
      4833.42,
      4820.38,
      4806.03,
      4790.25,
      4772.94,
      4754.05,
      4733.58,
      4711.67,
      4688.69,
      4665.33,
      4642.91,
      4623.6,
      4610.82,
      4609.49,
      4625.91,
      4666.73,
      4736.56,
      4833.8,
      4946.07,
      5048.65,
      5110.93,
      5110.93,
      5048.65,
      4946.07,
      4833.8,
      4736.56,
      4666.73,
      4625.91,
      4609.49,
      4610.82,
      4623.6,
      4642.91,
      4665.33,
      4688.69,
      4711.67,
      4733.58,
      4754.05,
      4772.94,
      4790.25,
      4806.03,
      4820.38,
      4833.42,
      4845.25,
      4856.0,
      4865.77
    ],
    [
      4894.37,
      4886.25,
      4877.23,
      4867.19,
      4856.0,
      4843.51,
      4829.54,
      4813.93,
      4796.5,
      4777.09,
      4755.62,
      4732.13,
      4706.99,
      4681.1,
      4656.35,
      4636.14,
      4625.91,
      4633.47,
      4668.4,
      4739.63,
      4850.28,
      4989.39,
      5125.42,
      5211.83,
      5211.83,
      5125.42,
      4989.39,
      4850.28,
      4739.63,
      4668.4,
      4633.47,
      4625.91,
      4636.14,
      4656.35,
      4681.1,
      4706.99,
      4732.13,
      4755.62,
      4777.09,
      4796.5,
      4813.93,
      4829.54,
      4843.51,
      4856.0,
      4867.19,
      4877.23,
      4886.25,
      4894.37
    ],
    [
      4921.22,
      4914.87,
      4907.76,
      4899.78,
      4890.78,
      4880.62,
      4869.1,
      4856.0,
      4841.09,
      4824.1,
      4804.76,
      4782.92,
      4758.6,
      4732.38,
      4705.8,
      4682.05,
      4666.73,
      4668.4,
      4698.55,
      4770.18,
      4892.94,
      5062.06,
      5242.08,
      5363.9,
      5363.9,
      5242.08,
      5062.06,
      4892.94,
      4770.18,
      4698.55,
      4668.4,
      4666.73,
      4682.05,
      4705.8,
      4732.38,
      4758.6,
      4782.92,
      4804.76,
      4824.1,
      4841.09,
      4856.0,
      4869.1,
      4880.62,
      4890.78,
      4899.78,
      4907.76,
      4914.87,
      4921.22
    ],
    [
      4945.41,
      4940.83,
      4935.67,
      4929.83,
      4923.19,
      4915.61,
      4906.92,
      4896.9,
      4885.3,
      4871.83,
      4856.17,
      4838.02,
      4817.32,
      4794.47,
      4770.91,
      4749.76,
      4736.56,
      4739.63,
      4770.18,
      4841.89,
      4969.42,
      5160.05,
      5387.03,
      5557.03,
      5557.03,
      5387.03,
      5160.05,
      4969.42,
      4841.89,
      4770.18,
      4739.63,
      4736.56,
      4749.76,
      4770.91,
      4794.47,
      4817.32,
      4838.02,
      4856.17,
      4871.83,
      4885.3,
      4896.9,
      4906.92,
      4915.61,
      4923.19,
      4929.83,
      4935.67,
      4940.83,
      4945.41
    ],
    [
      4966.03,
      4963.09,
      4959.76,
      4955.97,
      4951.62,
      4946.62,
      4940.83,
      4934.08,
      4926.16,
      4916.83,
      4905.81,
      4892.9,
      4878.11,
      4862.05,
      4846.52,
      4835.15,
      4833.8,
      4850.28,
      4892.94,
      4969.42,
      5088.34,
      5265.88,
      5512.54,
      5738.99,
      5738.99,
      5512.54,
      5265.88,
      5088.34,
      4969.42,
      4892.94,
      4850.28,
      4833.8,
      4835.15,
      4846.52,
      4862.05,
      4878.11,
      4892.9,
      4905.81,
      4916.83,
      4926.16,
      4934.08,
      4940.83,
      4946.62,
      4951.62,
      4955.97,
      4959.76,
      4963.09,
      4966.03
    ],
    [
      4982.3,
      4980.73,
      4978.94,
      4976.9,
      4974.55,
      4971.82,
      4968.64,
      4964.9,
      4960.48,
      4955.23,
      4949.02,
      4941.83,
      4934.0,
      4926.7,
      4922.59,
      4926.6,
      4946.07,
      4989.39,
      5062.06,
      5160.05,
      5265.88,
      5370.35,
      5538.58,
      5812.13,
      5812.13,
      5538.58,
      5370.35,
      5265.88,
      5160.05,
      5062.06,
      4989.39,
      4946.07,
      4926.6,
      4922.59,
      4926.7,
      4934.0,
      4941.83,
      4949.02,
      4955.23,
      4960.48,
      4964.9,
      4968.64,
      4971.82,
      4974.55,
      4976.9,
      4978.94,
      4980.73,
      4982.3
    ],
    [
      4993.53,
      4992.95,
      4992.29,
      4991.52,
      4990.64,
      4989.62,
      4988.42,
      4987.0,
      4985.32,
      4983.34,
      4981.1,
      4978.81,
      4977.21,
      4978.13,
      4985.38,
      5005.63,
      5048.65,
      5125.42,
      5242.08,
      5387.03,
      5512.54,
      5538.58,
      5469.14,
      5686.29,
      5686.29,
      5469.14,
      5538.58,
      5512.54,
      5387.03,
      5242.08,
      5125.42,
      5048.65,
      5005.63,
      4985.38,
      4978.13,
      4977.21,
      4978.81,
      4981.1,
      4983.34,
      4985.32,
      4987.0,
      4988.42,
      4989.62,
      4990.64,
      4991.52,
      4992.29,
      4992.95,
      4993.53
    ],
    [
      4999.28,
      4999.21,
      4999.14,
      4999.05,
      4998.95,
      4998.83,
      4998.7,
      4998.54,
      4998.37,
      4998.22,
      4998.22,
      4998.76,
      5000.85,
      5006.78,
      5021.14,
      5051.94,
      5110.93,
      5211.83,
      5363.9,
      5557.03,
      5738.99,
      5812.13,
      5686.29,
      5335.48,
      5335.48,
      5686.29,
      5812.13,
      5738.99,
      5557.03,
      5363.9,
      5211.83,
      5110.93,
      5051.94,
      5021.14,
      5006.78,
      5000.85,
      4998.76,
      4998.22,
      4998.22,
      4998.37,
      4998.54,
      4998.7,
      4998.83,
      4998.95,
      4999.05,
      4999.14,
      4999.21,
      4999.28
    ],
    [
      4999.28,
      4999.21,
      4999.14,
      4999.05,
      4998.95,
      4998.83,
      4998.7,
      4998.54,
      4998.37,
      4998.22,
      4998.22,
      4998.76,
      5000.85,
      5006.78,
      5021.14,
      5051.94,
      5110.93,
      5211.83,
      5363.9,
      5557.03,
      5738.99,
      5812.13,
      5686.29,
      5335.48,
      5335.48,
      5686.29,
      5812.13,
      5738.99,
      5557.03,
      5363.9,
      5211.83,
      5110.93,
      5051.94,
      5021.14,
      5006.78,
      5000.85,
      4998.76,
      4998.22,
      4998.22,
      4998.37,
      4998.54,
      4998.7,
      4998.83,
      4998.95,
      4999.05,
      4999.14,
      4999.21,
      4999.28
    ],
    [
      4993.53,
      4992.95,
      4992.29,
      4991.52,
      4990.64,
      4989.62,
      4988.42,
      4987.0,
      4985.32,
      4983.34,
      4981.1,
      4978.81,
      4977.21,
      4978.13,
      4985.38,
      5005.63,
      5048.65,
      5125.42,
      5242.08,
      5387.03,
      5512.54,
      5538.58,
      5469.14,
      5686.29,
      5686.29,
      5469.14,
      5538.58,
      5512.54,
      5387.03,
      5242.08,
      5125.42,
      5048.65,
      5005.63,
      4985.38,
      4978.13,
      4977.21,
      4978.81,
      4981.1,
      4983.34,
      4985.32,
      4987.0,
      4988.42,
      4989.62,
      4990.64,
      4991.52,
      4992.29,
      4992.95,
      4993.53
    ],
    [
      4982.3,
      4980.73,
      4978.94,
      4976.9,
      4974.55,
      4971.82,
      4968.64,
      4964.9,
      4960.48,
      4955.23,
      4949.02,
      4941.83,
      4934.0,
      4926.7,
      4922.59,
      4926.6,
      4946.07,
      4989.39,
      5062.06,
      5160.05,
      5265.88,
      5370.35,
      5538.58,
      5812.13,
      5812.13,
      5538.58,
      5370.35,
      5265.88,
      5160.05,
      5062.06,
      4989.39,
      4946.07,
      4926.6,
      4922.59,
      4926.7,
      4934.0,
      4941.83,
      4949.02,
      4955.23,
      4960.48,
      4964.9,
      4968.64,
      4971.82,
      4974.55,
      4976.9,
      4978.94,
      4980.73,
      4982.3
    ],
    [
      4966.03,
      4963.09,
      4959.76,
      4955.97,
      4951.62,
      4946.62,
      4940.83,
      4934.08,
      4926.16,
      4916.83,
      4905.81,
      4892.9,
      4878.11,
      4862.05,
      4846.52,
      4835.15,
      4833.8,
      4850.28,
      4892.94,
      4969.42,
      5088.34,
      5265.88,
      5512.54,
      5738.99,
      5738.99,
      5512.54,
      5265.88,
      5088.34,
      4969.42,
      4892.94,
      4850.28,
      4833.8,
      4835.15,
      4846.52,
      4862.05,
      4878.11,
      4892.9,
      4905.81,
      4916.83,
      4926.16,
      4934.08,
      4940.83,
      4946.62,
      4951.62,
      4955.97,
      4959.76,
      4963.09,
      4966.03
    ],
    [
      4945.41,
      4940.83,
      4935.67,
      4929.83,
      4923.19,
      4915.61,
      4906.92,
      4896.9,
      4885.3,
      4871.83,
      4856.17,
      4838.02,
      4817.32,
      4794.47,
      4770.91,
      4749.76,
      4736.56,
      4739.63,
      4770.18,
      4841.89,
      4969.42,
      5160.05,
      5387.03,
      5557.03,
      5557.03,
      5387.03,
      5160.05,
      4969.42,
      4841.89,
      4770.18,
      4739.63,
      4736.56,
      4749.76,
      4770.91,
      4794.47,
      4817.32,
      4838.02,
      4856.17,
      4871.83,
      4885.3,
      4896.9,
      4906.92,
      4915.61,
      4923.19,
      4929.83,
      4935.67,
      4940.83,
      4945.41
    ],
    [
      4921.22,
      4914.87,
      4907.76,
      4899.78,
      4890.78,
      4880.62,
      4869.1,
      4856.0,
      4841.09,
      4824.1,
      4804.76,
      4782.92,
      4758.6,
      4732.38,
      4705.8,
      4682.05,
      4666.73,
      4668.4,
      4698.55,
      4770.18,
      4892.94,
      5062.06,
      5242.08,
      5363.9,
      5363.9,
      5242.08,
      5062.06,
      4892.94,
      4770.18,
      4698.55,
      4668.4,
      4666.73,
      4682.05,
      4705.8,
      4732.38,
      4758.6,
      4782.92,
      4804.76,
      4824.1,
      4841.09,
      4856.0,
      4869.1,
      4880.62,
      4890.78,
      4899.78,
      4907.76,
      4914.87,
      4921.22
    ],
    [
      4894.37,
      4886.25,
      4877.23,
      4867.19,
      4856.0,
      4843.51,
      4829.54,
      4813.93,
      4796.5,
      4777.09,
      4755.62,
      4732.13,
      4706.99,
      4681.1,
      4656.35,
      4636.14,
      4625.91,
      4633.47,
      4668.4,
      4739.63,
      4850.28,
      4989.39,
      5125.42,
      5211.83,
      5211.83,
      5125.42,
      4989.39,
      4850.28,
      4739.63,
      4668.4,
      4633.47,
      4625.91,
      4636.14,
      4656.35,
      4681.1,
      4706.99,
      4732.13,
      4755.62,
      4777.09,
      4796.5,
      4813.93,
      4829.54,
      4843.51,
      4856.0,
      4867.19,
      4877.23,
      4886.25,
      4894.37
    ],
    [
      4865.77,
      4856.0,
      4845.25,
      4833.42,
      4820.38,
      4806.03,
      4790.25,
      4772.94,
      4754.05,
      4733.58,
      4711.67,
      4688.69,
      4665.33,
      4642.91,
      4623.6,
      4610.82,
      4609.49,
      4625.91,
      4666.73,
      4736.56,
      4833.8,
      4946.07,
      5048.65,
      5110.93,
      5110.93,
      5048.65,
      4946.07,
      4833.8,
      4736.56,
      4666.73,
      4625.91,
      4609.49,
      4610.82,
      4623.6,
      4642.91,
      4665.33,
      4688.69,
      4711.67,
      4733.58,
      4754.05,
      4772.94,
      4790.25,
      4806.03,
      4820.38,
      4833.42,
      4845.25,
      4856.0,
      4865.77
    ],
    [
      4836.31,
      4825.13,
      4812.96,
      4799.71,
      4785.32,
      4769.72,
      4752.88,
      4734.82,
      4715.61,
      4695.46,
      4674.74,
      4654.11,
      4634.58,
      4617.75,
      4605.91,
      4602.25,
      4610.82,
      4636.14,
      4682.05,
      4749.76,
      4835.15,
      4926.6,
      5005.63,
      5051.94,
      5051.94,
      5005.63,
      4926.6,
      4835.15,
      4749.76,
      4682.05,
      4636.14,
      4610.82,
      4602.25,
      4605.91,
      4617.75,
      4634.58,
      4654.11,
      4674.74,
      4695.46,
      4715.61,
      4734.82,
      4752.88,
      4769.72,
      4785.32,
      4799.71,
      4812.96,
      4825.13,
      4836.31
    ],
    [
      4806.82,
      4794.55,
      4781.33,
      4767.15,
      4751.96,
      4735.8,
      4718.71,
      4700.83,
      4682.4,
      4663.79,
      4645.6,
      4628.7,
      4614.32,
      4604.16,
      4600.45,
      4605.91,
      4623.6,
      4656.35,
      4705.8,
      4770.91,
      4846.52,
      4922.59,
      4985.38,
      5021.14,
      5021.14,
      4985.38,
      4922.59,
      4846.52,
      4770.91,
      4705.8,
      4656.35,
      4623.6,
      4605.91,
      4600.45,
      4604.16,
      4614.32,
      4628.7,
      4645.6,
      4663.79,
      4682.4,
      4700.83,
      4718.71,
      4735.8,
      4751.96,
      4767.15,
      4781.33,
      4794.55,
      4806.82
    ],
    [
      4778.05,
      4765.04,
      4751.21,
      4736.59,
      4721.2,
      4705.15,
      4688.58,
      4671.75,
      4655.03,
      4638.94,
      4624.24,
      4611.93,
      4603.32,
      4600.07,
      4604.16,
      4617.75,
      4642.91,
      4681.1,
      4732.38,
      4794.47,
      4862.05,
      4926.7,
      4978.13,
      5006.78,
      5006.78,
      4978.13,
      4926.7,
      4862.05,
      4794.47,
      4732.38,
      4681.1,
      4642.91,
      4617.75,
      4604.16,
      4600.07,
      4603.32,
      4611.93,
      4624.24,
      4638.94,
      4655.03,
      4671.75,
      4688.58,
      4705.15,
      4721.2,
      4736.59,
      4751.21,
      4765.04,
      4778.05
    ],
    [
      4750.6,
      4737.24,
      4723.25,
      4708.69,
      4693.66,
      4678.35,
      4662.98,
      4647.92,
      4633.62,
      4620.75,
      4610.11,
      4602.77,
      4600.01,
      4603.32,
      4614.32,
      4634.58,
      4665.33,
      4706.99,
      4758.6,
      4817.32,
      4878.11,
      4934.0,
      4977.21,
      5000.85,
      5000.85,
      4977.21,
      4934.0,
      4878.11,
      4817.32,
      4758.6,
      4706.99,
      4665.33,
      4634.58,
      4614.32,
      4603.32,
      4600.01,
      4602.77,
      4610.11,
      4620.75,
      4633.62,
      4647.92,
      4662.98,
      4678.35,
      4693.66,
      4708.69,
      4723.25,
      4737.24,
      4750.6
    ],
    [
      4724.96,
      4711.64,
      4697.91,
      4683.88,
      4669.73,
      4655.69,
      4642.07,
      4629.31,
      4617.95,
      4608.68,
      4602.36,
      4600.0,
      4602.77,
      4611.93,
      4628.7,
      4654.11,
      4688.69,
      4732.13,
      4782.92,
      4838.02,
      4892.9,
      4941.83,
      4978.81,
      4998.76,
      4998.76,
      4978.81,
      4941.83,
      4892.9,
      4838.02,
      4782.92,
      4732.13,
      4688.69,
      4654.11,
      4628.7,
      4611.93,
      4602.77,
      4600.0,
      4602.36,
      4608.68,
      4617.95,
      4629.31,
      4642.07,
      4655.69,
      4669.73,
      4683.88,
      4697.91,
      4711.64,
      4724.96
    ],
    [
      4701.5,
      4688.58,
      4675.5,
      4662.42,
      4649.56,
      4637.22,
      4625.77,
      4615.68,
      4607.54,
      4602.04,
      4600.0,
      4602.36,
      4610.11,
      4624.24,
      4645.6,
      4674.74,
      4711.67,
      4755.62,
      4804.76,
      4856.17,
      4905.81,
      4949.02,
      4981.1,
      4998.22,
      4998.22,
      4981.1,
      4949.02,
      4905.81,
      4856.17,
      4804.76,
      4755.62,
      4711.67,
      4674.74,
      4645.6,
      4624.24,
      4610.11,
      4602.36,
      4600.0,
      4602.04,
      4607.54,
      4615.68,
      4625.77,
      4637.22,
      4649.56,
      4662.42,
      4675.5,
      4688.58,
      4701.5
    ],
    [
      4680.47,
      4668.27,
      4656.17,
      4644.37,
      4633.15,
      4622.83,
      4613.82,
      4606.6,
      4601.77,
      4600.0,
      4602.04,
      4608.68,
      4620.75,
      4638.94,
      4663.79,
      4695.46,
      4733.58,
      4777.09,
      4824.1,
      4871.83,
      4916.83,
      4955.23,
      4983.34,
      4998.22,
      4998.22,
      4983.34,
      4955.23,
      4916.83,
      4871.83,
      4824.1,
      4777.09,
      4733.58,
      4695.46,
      4663.79,
      4638.94,
      4620.75,
      4608.68,
      4602.04,
      4600.0,
      4601.77,
      4606.6,
      4613.82,
      4622.83,
      4633.15,
      4644.37,
      4656.17,
      4668.27,
      4680.47
    ],
    [
      4662.0,
      4650.79,
      4639.95,
      4629.71,
      4620.36,
      4612.27,
      4605.83,
      4601.56,
      4600.0,
      4601.77,
      4607.54,
      4617.95,
      4633.62,
      4655.03,
      4682.4,
      4715.61,
      4754.05,
      4796.5,
      4841.09,
      4885.3,
      4926.16,
      4960.48,
      4985.32,
      4998.37,
      4998.37,
      4985.32,
      4960.48,
      4926.16,
      4885.3,
      4841.09,
      4796.5,
      4754.05,
      4715.61,
      4682.4,
      4655.03,
      4633.62,
      4617.95,
      4607.54,
      4601.77,
      4600.0,
      4601.56,
      4605.83,
      4612.27,
      4620.36,
      4629.71,
      4639.95,
      4650.79,
      4662.0
    ],
    [
      4646.13,
      4636.14,
      4626.77,
      4618.27,
      4610.96,
      4605.19,
      4601.38,
      4600.0,
      4601.56,
      4606.6,
      4615.68,
      4629.31,
      4647.92,
      4671.75,
      4700.83,
      4734.82,
      4772.94,
      4813.93,
      4856.0,
      4896.9,
      4934.08,
      4964.9,
      4987.0,
      4998.54,
      4998.54,
      4987.0,
      4964.9,
      4934.08,
      4896.9,
      4856.0,
      4813.93,
      4772.94,
      4734.82,
      4700.83,
      4671.75,
      4647.92,
      4629.31,
      4615.68,
      4606.6,
      4601.56,
      4600.0,
      4601.38,
      4605.19,
      4610.96,
      4618.27,
      4626.77,
      4636.14,
      4646.13
    ],
    [
      4632.84,
      4624.24,
      4616.48,
      4609.85,
      4604.65,
      4601.23,
      4600.0,
      4601.38,
      4605.83,
      4613.82,
      4625.77,
      4642.07,
      4662.98,
      4688.58,
      4718.71,
      4752.88,
      4790.25,
      4829.54,
      4869.1,
      4906.92,
      4940.83,
      4968.64,
      4988.42,
      4998.7,
      4998.7,
      4988.42,
      4968.64,
      4940.83,
      4906.92,
      4869.1,
      4829.54,
      4790.25,
      4752.88,
      4718.71,
      4688.58,
      4662.98,
      4642.07,
      4625.77,
      4613.82,
      4605.83,
      4601.38,
      4600.0,
      4601.23,
      4604.65,
      4609.85,
      4616.48,
      4624.24,
      4632.84
    ],
    [
      4622.05,
      4614.94,
      4608.9,
      4604.19,
      4601.11,
      4600.0,
      4601.23,
      4605.19,
      4612.27,
      4622.83,
      4637.22,
      4655.69,
      4678.35,
      4705.15,
      4735.8,
      4769.72,
      4806.03,
      4843.51,
      4880.62,
      4915.61,
      4946.62,
      4971.82,
      4989.62,
      4998.83,
      4998.83,
      4989.62,
      4971.82,
      4946.62,
      4915.61,
      4880.62,
      4843.51,
      4806.03,
      4769.72,
      4735.8,
      4705.15,
      4678.35,
      4655.69,
      4637.22,
      4622.83,
      4612.27,
      4605.19,
      4601.23,
      4600.0,
      4601.11,
      4604.19,
      4608.9,
      4614.94,
      4622.05
    ],
    [
      4613.61,
      4608.08,
      4603.79,
      4601.0,
      4600.0,
      4601.11,
      4604.65,
      4610.96,
      4620.36,
      4633.15,
      4649.56,
      4669.73,
      4693.66,
      4721.2,
      4751.96,
      4785.32,
      4820.38,
      4856.0,
      4890.78,
      4923.19,
      4951.62,
      4974.55,
      4990.64,
      4998.95,
      4998.95,
      4990.64,
      4974.55,
      4951.62,
      4923.19,
      4890.78,
      4856.0,
      4820.38,
      4785.32,
      4751.96,
      4721.2,
      4693.66,
      4669.73,
      4649.56,
      4633.15,
      4620.36,
      4610.96,
      4604.65,
      4601.11,
      4600.0,
      4601.0,
      4603.79,
      4608.08,
      4613.61
    ],
    [
      4607.37,
      4603.45,
      4600.91,
      4600.0,
      4601.0,
      4604.19,
      4609.85,
      4618.27,
      4629.71,
      4644.37,
      4662.42,
      4683.88,
      4708.69,
      4736.59,
      4767.15,
      4799.71,
      4833.42,
      4867.19,
      4899.78,
      4929.83,
      4955.97,
      4976.9,
      4991.52,
      4999.05,
      4999.05,
      4991.52,
      4976.9,
      4955.97,
      4929.83,
      4899.78,
      4867.19,
      4833.42,
      4799.71,
      4767.15,
      4736.59,
      4708.69,
      4683.88,
      4662.42,
      4644.37,
      4629.71,
      4618.27,
      4609.85,
      4604.19,
      4601.0,
      4600.0,
      4600.91,
      4603.45,
      4607.37
    ],
    [
      4603.15,
      4600.83,
      4600.0,
      4600.91,
      4603.79,
      4608.9,
      4616.48,
      4626.77,
      4639.95,
      4656.17,
      4675.5,
      4697.91,
      4723.25,
      4751.21,
      4781.33,
      4812.96,
      4845.25,
      4877.23,
      4907.76,
      4935.67,
      4959.76,
      4978.94,
      4992.29,
      4999.14,
      4999.14,
      4992.29,
      4978.94,
      4959.76,
      4935.67,
      4907.76,
      4877.23,
      4845.25,
      4812.96,
      4781.33,
      4751.21,
      4723.25,
      4697.91,
      4675.5,
      4656.17,
      4639.95,
      4626.77,
      4616.48,
      4608.9,
      4603.79,
      4600.91,
      4600.0,
      4600.83,
      4603.15
    ],
    [
      4600.76,
      4600.0,
      4600.83,
      4603.45,
      4608.08,
      4614.94,
      4624.24,
      4636.14,
      4650.79,
      4668.27,
      4688.58,
      4711.64,
      4737.24,
      4765.04,
      4794.55,
      4825.13,
      4856.0,
      4886.25,
      4914.87,
      4940.83,
      4963.09,
      4980.73,
      4992.95,
      4999.21,
      4999.21,
      4992.95,
      4980.73,
      4963.09,
      4940.83,
      4914.87,
      4886.25,
      4856.0,
      4825.13,
      4794.55,
      4765.04,
      4737.24,
      4711.64,
      4688.58,
      4668.27,
      4650.79,
      4636.14,
      4624.24,
      4614.94,
      4608.08,
      4603.45,
      4600.83,
      4600.0,
      4600.76
    ],
    [
      4600.0,
      4600.76,
      4603.15,
      4607.37,
      4613.61,
      4622.05,
      4632.84,
      4646.13,
      4662.0,
      4680.47,
      4701.5,
      4724.96,
      4750.6,
      4778.05,
      4806.82,
      4836.31,
      4865.77,
      4894.37,
      4921.22,
      4945.41,
      4966.03,
      4982.3,
      4993.53,
      4999.28,
      4999.28,
      4993.53,
      4982.3,
      4966.03,
      4945.41,
      4921.22,
      4894.37,
      4865.77,
      4836.31,
      4806.82,
      4778.05,
      4750.6,
      4724.96,
      4701.5,
      4680.47,
      4662.0,
      4646.13,
      4632.84,
      4622.05,
      4613.61,
      4607.37,
      4603.15,
      4600.76,
      4600.0
    ]
  ]
}