DJI_00020.JPG -0.07945804657876505 1.1959641447012332 1.2946096903891717
DJI_00021.JPG -0.060302447443675966 0.9314339292783207 1.2732922691749018
DJI_00023.JPG -0.3991007243489097 0.9232882233769681 1.2032101108995443
DJI_00022.JPG -0.21179932235115123 0.919260945526074 1.263127299140691
DJI_00024.JPG -0.8140580400131645 0.9572317120614537 1.0509128144220912
DJI_00025.JPG -0.7450645024064256 0.9511184306091144 1.0744823183224312
DJI_00026.JPG -0.9104799087046801 0.9628610578945038 1.0295332829102344
DJI_00029.JPG -0.24735162536442615 0.9215239129644422 1.115948319156168
DJI_00030.JPG -0.486484403801536 0.9359642630454609 1.0702106441095542
DJI_00031.JPG -0.7061227821481878 0.9427862909563597 1.0550421589506755
DJI_00032.JPG -0.8541695256140062 0.956859088893312 1.0403501453066284
DJI_00106.JPG -0.3248359622372849 0.6738744166094619 2.459902757570726
DJI_00107.JPG -0.32370797735068685 0.6720700613494074 2.457500486155469
DJI_00108.JPG -0.2260104921099886 0.6953477294886308 2.3833068020145762
DJI_00140.JPG 0.7341196745090316 0.4152789416849459 3.0551811199091743
DJI_00190.JPG -0.22290625726080934 1.0852668226582431 1.4371826498925315
DJI_00191.JPG -0.2338499006546946 1.0304137440696537 1.4140431674508838
DJI_00192.JPG -0.4296207700228258 0.9790253352525519 1.3276603161804827
DJI_00193.JPG -0.6645895652698758 0.9889349990976922 1.2420827397389766
DJI_00194.JPG -0.9456747932396335 0.9973254707311509 1.1469991792219492
DJI_00195.JPG 0.1436598938323377 0.945514914630722 1.4387285286411065
DJI_00196.JPG -0.14653049509215307 0.988251599716069 1.3711411621233291
DJI_00199.JPG 1.3424542694428867 -0.24160453867625523 2.8733394294382113
DJI_00200.JPG 1.325839042548877 -0.2933813258685127 3.033115929618743
DJI_00201.JPG 1.2792552637071128 -0.3835231192866793 3.43660366766027
DJI_00211.JPG -1.91979190623082 -0.09361640539230556 2.095457298809861
DJI_00213.JPG -1.9816778799514383 -0.12046725628796676 2.1768504685532557
DJI_00212.JPG -1.9130764220301786 -0.06781071720107187 2.0029224205358647
DJI_00232.JPG -2.846217017410847 -0.09701516995771621 1.1124835298501523
DJI_00233.JPG -2.846685376969877 -0.10487590856215727 1.09030243615088
DJI_00234.JPG -2.914838649036578 -0.1493027952050636 1.2654272994629059
DJI_00260.JPG -4.195404220289749 -0.14854992892534502 -0.11464721446106013
DJI_00261.JPG -4.192597395537566 -0.12578809505672237 -0.16053998324836632
DJI_00262.JPG -4.265496182507364 -0.1773374228019707 0.012802716032073608
DJI_00302.JPG -6.235467405076468 -0.11048943610004829 -2.033997034395234
DJI_00301.JPG -6.233827574271438 -0.10740353048144105 -2.0403414287751223
DJI_00408.JPG -5.127082062401364 -0.35069364978970924 -1.0087884139995194
DJI_00410.JPG -5.1090947371770765 -0.39407863774873114 -0.8959449866474669
DJI_00797.JPG 1.303455076966356 -0.28901605789267276 2.906180078208056
DJI_00798.JPG 1.2840862773538355 -0.33424085130400233 3.06812969236599
DJI_00799.JPG 1.2360440856069326 -0.45316426423646033 3.462874566802467
DJI_00812.JPG 2.000786005980192 -0.5950817345953575 3.4401282628184475
DJI_00813.JPG 2.1652722470602592 -0.5128909977729298 2.9342556277841996
DJI_00814.JPG 2.256008019475007 -0.44620186719089583 2.6654219317489676
DJI_00815.JPG 2.2708477914895844 -0.4248436598508345 2.6335429023915595
DJI_00816.JPG 2.2597213353378955 -0.49600163841864037 2.8103751548625153
DJI_00817.JPG 2.2066800695511577 -0.6258568201071613 3.223435661936966
DJI_00818.JPG 2.1307641265672603 -0.817830866827553 3.880136701324654
DJI_00839.JPG 3.7317796590839936 -0.6436165727138794 2.1444664061699807
DJI_00843.JPG 3.4790383695273936 -1.1975117420112498 4.135334310209925
