# 3D point list with one line of data per point:
#   POINT3D_ID, X, Y, Z, R, G, B, ERROR, TRACK[] as (IMAGE_ID, POINT2D_IDX)
# Number of points: 1103335, mean track length: 5.2825778208794247
8 2.6981949550272617 -5.8354773596759291 19.938082188159154 22 26 30 0.6697016072969284 224 1454 219 1718 220 1743 218 1815 217 5849
9 2.4138670203505899 -5.678566892833822 19.809664938844325 15 17 22 0.92121457517367578 224 1500 219 1753 220 1796 221 1648 218 5912 217 5865 282 2117
13 2.4161207416105013 -5.4442104161129725 19.576958123768172 65 66 73 0.64670484542117002 224 1554 219 1811 220 1856 218 1916 217 2025
16 2.3897386352674492 -5.4048872632201581 19.586206337449898 35 36 47 1.0413362726026762 224 1577 219 1821 220 1868 221 1749 218 5970 217 5929 236 1195 1450 5594 1451 5713 1452 2243 238 1315 1453 5517 1420 5356 1419 2154 1418 2216 1417 1981 259 2163 1416 5352 258 6500 260 5966 282 2166 281 1781 1395 1984 1393 2154 1437 2238 1438 2296 1436 2230 1435 2054 1434 2121 1433 2061 1432 5657 1191 1804 1204 2053 1208 1677 1221 2139 1384 1737 1406 1922 1159 1756
19 2.9457716204057327 -5.3048969455282675 19.61115624616237 28 27 34 0.76536683298780772 224 1522 219 1864 220 1900 221 1774 218 6005 217 5983
21 3.6568886688667783 -5.2326868793394645 19.729099651183823 97 99 103 0.68155059029451337 224 1478 219 1895 220 1939 221 1787 218 2053 217 2207
22 1.874195878592138 -5.025342318726187 18.869224819745646 98 97 103 0.87669451179915692 224 1678 219 1903 220 1965 221 1843 218 2029 217 2159
23 3.5446839196665185 -5.1058050560420112 19.657184261678488 102 102 107 0.41948229603849524 224 1510 219 1932 217 6051
24 2.2947744017694953 -4.9363435864613061 18.95881200488806 65 66 73 0.97317166232504737 224 1652 219 1956 221 1870 218 2093 217 6038 220 1995 219 1957 282 2270 293 2091 281 1857 1395 2091 1393 2268 1394 2103 1191 1887 1204 2159 1208 1756 1206 1740 1207 1705 1221 2238 1139 1879 1141 1947 1159 1842
25 2.9179941891343475 -4.9548076679240491 19.235342340210636 117 117 132 0.84313941956821392 224 1599 219 1969 220 1999 221 1862 218 2134 217 2269
26 3.1516014679215152 -4.6245277378690535 19.134379575908447 107 107 115 0.61414118095365422 224 1643 219 2084 220 2104 221 1972 218 6154 217 6139
27 0.78123051021735734 -4.0235871365483273 15.346658379032924 114 123 122 0.8132526690521189 224 1889 219 2146 220 2188 221 2095 217 2450 216 2733
28 1.442876141659311 -4.018287120147285 15.871823765118343 123 130 128 0.79957970576681947 224 1828 219 2171 220 2202 221 2103 218 6202
29 0.7415208400893889 -3.880185894470606 14.92368582985622 119 124 121 0.74156899008898436 224 4611 219 2194 220 2232 223 1659 218 6207 217 6199 216 6432
30 0.85048117894731201 -3.8413087807675801 15.004391240745827 116 120 118 0.97473053430485657 224 1912 219 2222 220 2255 221 2173 218 2441 217 2558
31 1.0759559062346797 -3.7388996230730513 14.932186066109029 113 116 118 1.41808820458811 224 1903 219 2278 221 2200 218 2513
32 0.0025199728558306525 -3.51990820697291 13.156802827942135 113 112 115 1.0691408192560807 224 4699 219 2325 220 2357 221 2257 218 2546 217 2651 216 6512
33 0.81792429377575582 -3.4778187846372512 13.985710030332964 123 127 125 0.79221470181291942 224 1978 219 2374 220 2395 221 2275 223 1727 218 2624
34 -0.1137658833661145 -3.3837357245822326 12.767852734121186 89 90 84 0.60004527734856072 224 2143 219 2389 220 2430 217 6337 216 6563
35 0.44564476607289416 -3.4046521290775793 13.459108780644058 114 119 116 0.69541587491839973 224 2052 219 2400 220 2432 221 2311 218 2644 217 2747
36 1.789255998281009 -3.3680461822358478 14.593647820029148 75 79 80 0.44416044584093989 224 1875 219 2474 220 2476 221 2315 218 6428 217 6449
37 1.789255998281009 -3.3680461822358478 14.593647820029148 75 79 80 0.44416044584093989 224 1876 219 2475 220 2477 221 2316 218 6429 217 6450
38 0.59053176531081375 -3.2031585301161609 13.152907741606105 109 115 113 0.36179628168744721 224 2087 219 2522 218 2791
39 2.5725629140812649 -3.233047716170574 15.014003493646108 140 138 148 0.090970070382320023 224 1833 219 2544 220 2535
40 2.5725629140812649 -3.233047716170574 15.014003493646108 140 138 148 0.090970070382320023 224 1834 219 2545 220 2536
41 0.99785177886596932 -3.1604872472702312 13.493035055323011 121 120 123 0.64069847058549789 224 2028 219 2551 220 2568 221 2427
42 4.0028266120141183 -3.263399647640421 16.067965259663374 122 121 133 0.45498300100496297 224 1681 219 2556 220 6387 221 2331
43 4.0028266120141183 -3.263399647640421 16.067965259663374 122 121 133 0.45498300100496297 224 1682 219 2557 220 6386 221 2330
44 -0.20038697615015535 -3.0220448382268468 11.939238156350369 125 125 115 0.59325173951352206 224 2267 219 2602 221 2542 218 2863 217 2980 216 3322
45 1.9638769937850196 -3.0869756335940699 14.337759029152874 122 122 123 0.34849758034307277 224 1920 219 2604 221 2458
46 -0.611977324066452 -2.9343825598425197 11.245270386577134 117 114 117 0.59408998832056426 224 2388 219 2666 220 2698 218 2919 216 6789
47 -0.61085741862394105 -2.9331203203700098 11.251224713906417 116 113 117 0.57542204451589696 224 2387 219 2667 221 2609 217 6529 216 6788
48 0.76319415710569893 -2.8695050115429042 12.675737231822511 74 72 73 0.32842978933436068 224 2144 219 2738 220 6509 221 2601 218 6602 217 6607
49 2.2493722938826708 -2.8849476873398463 14.108266951212439 126 122 128 0.36312527765865665 224 1928 219 2741 220 2695 221 2545 218 6635
50 0.94618241589293828 -2.8169708159201341 12.748852979752854 46 47 44 0.2709014557016356 224 2127 219 2783 220 2748 221 2623 217 6639 218 6634
51 -0.38404406208505498 -2.7646956763468906 11.133593023934839 150 146 143 0.5844604238894231 224 2399 219 2821 220 2799 221 2696 218 3118 217 3206 216 3560
52 -0.67145953405569059 -2.7641034784958527 10.656164904498803 121 121 117 0.45361478758367169 224 2473 219 2825 220 2821 221 2708 218 3113
53 -0.67145953405569059 -2.7641034784958527 10.656164904498803 121 121 117 0.45361478758367169 224 2474 219 2826 220 2822 221 2709 218 3112
54 -0.80685016108815988 -2.7315226494653513 10.345724464267084 126 125 126 0.96448677228754831 224 4942 220 6582 221 6589 222 1968 223 2138 218 6650 216 6939
55 -0.36389631487155949 -2.7039839814547442 10.982921141459075 90 93 85 0.72869201881515555 224 2408 219 2855 220 2850 221 2732 218 6669 217 6661 216 7006
56 2.3802645925964123 -2.6642111714318122 13.749389521104403 93 85 83 0.21977749190859863 224 1955 219 2857 220 2793 221 2650
57 -0.99209485969629296 -2.6883380142542395 9.9770293073412244 137 137 130 0.81429852802187419 224 4990 219 2887 221 2790 223 2191
58 0.83453124487779518 -2.6070792234572342 12.068928890937526 127 127 130 0.27198613358748441 224 2186 219 2912 220 2875 221 6579 218 6744 217 6773
59 1.2116999170469298 -2.577041003420808 12.443289292109078 156 160 154 1.6015311186620673 224 2145 219 2924 220 6601 222 1916
60 -0.6849945689298973 -2.5770912222565054 10.177569083658588 143 142 135 0.61275425001739992 224 2553 219 2961 218 3322 217 3406
61 -0.24777558587788012 -2.5284968634170211 10.615172030352673 155 157 149 0.31263714624046046 224 2441 219 2983 218 3382 217 3468
62 -0.24791176065073811 -2.5282797018189038 10.614900953971278 162 164 155 0.31894932872843573 224 2442 219 2984 217 3467
63 -0.3000585569501964 -2.5126390009775919 10.485539323873731 107 109 95 0.54788559747891397 224 2466 219 2997 221 2869 218 6799
64 -0.73246175280925596 -2.5339379121962273 9.9038672745249663 129 127 131 0.56776597515240779 224 2582 219 3005 220 3004 221 2893 218 3391 217 3465 216 3810
65 -1.1968487465036715 -2.5624339397821392 9.112611618253359 140 139 143 1.0350672190389101 224 2718 219 3025 221 2934 222 2112 216 3771
66 -0.6839935057607992 -2.4620497872547165 9.8469036954134399 120 118 120 0.78885138049504333 224 2601 219 3077 220 3071 218 6849 217 6860 216 7198
67 1.6575893075066064 -2.3018704965740433 12.258948800213924 131 129 132 0.38335603231361209 224 2138 219 3095 221 2858
68 0.22854014698334374 -2.3536327284013527 10.76065843914896 132 129 136 0.6617281685198616 224 2380 219 3119 222 2073 218 3551 217 3690
69 -1.3673552935269406 -2.4840677542697991 8.647523314716139 152 149 139 0.49374458347217853 224 2854 219 3133 220 3141 221 3054 216 7183
70 -0.88510993938727067 -2.4174125534127153 9.3328965192652458 145 143 145 1.5123795197068859 224 5040 219 3144 220 3135 221 3031 223 2328 218 3529
71 -0.1402159212241377 -2.2814556397392267 10.119023135839331 58 58 44 0.78958252345332325 224 2518 219 3232 220 3190 221 3053 223 2247 218 6960 217 7006
72 -0.1402159212241377 -2.2814556397392267 10.119023135839331 58 58 44 0.78958252345332325 224 2519 219 3233 220 3191 221 3052 223 2246 218 6961 217 7005
